18191263041
18192720376
18191263041
18192720376
18980836841
13240133403
13258338862
13308028271
13408696770
13568928144
13618022313
13795516666
13808182522
13908371217
13980888635
13981844369
13982730982
15198086190
15208421996
15281719513
15282463959
15597903484
15708444470
15828311063
15982108637
17501068910
17780021217
18080050339
18117133532
18140132530
18180568381
18180798170
18280465778
18328401309
18583915296
18602566611
18781692026
18792792904
18908028029
18583245978
18908201002
11308187166
15528082171
13002808002
13002815603
13002863515
13006071700
13006319748
13006360857
13008115885
13008120673
13008121015
13008125480
13008133978
13008147715
13008161553
13008164580
13008199283
13014696020
13018061040
13018209136
13018214006
18628022815
15882061374
13018274080
13018293078
13018359220
13019215209
13025990217
13026413657
13026662518
13028184380
13028597198
13032801642
13032808148
13032814241
13032826903
13032858291
13032859649
13032873827
13036666181
13036698790
13036698870
13039202823
13039430956
13042314572
13056666991
13056666991
13056666995
13056670663
13056696092
13060011185
13060012656
13060013583
13060019483
13060025015
13060067891
13060069732
13060091709
13060373131
13068081888
13068086668
13071209805
13071240825
13072822883
13072893088
13076033383
13076036688
13076051157
13076093393
13079187542
13079971850
13086406644
13086487275
13086593213
13086636654
13086637833
13086666157
13086671331
13086679996
13086839298
13086864229
13088008188
13088009891
13088011282
13088013106
13088033629
13088034883
13088050532
13088056758
13088060288
13088060451
13088062123
13088071037
13088077766
13088089819
13088091391
13088097588
13088854300
13094409193
13094457086
13094488468
13095002668
13095331913
13096092128
13096305701
13096350802
13096359796
13096359796
13096359797
13096379392
13096398089
13096983503
13098507531
13099944494
13099995741
13101026417
13108052599
13108766213
13109558225
13109970881
13110081227
13110114505
13110495655
13111873242
13111876583
13111878585
13116222037
13117619505
13119567839
13126161403
13132576800
13132989023
13133912843
13139915025
13148983757
13150022522
13154413333
13155552133
13155552144
13158543951
13158578609
13158600358
13158802101
13166960187
13168714098
13172032497
13178853726
13180838502
13183820777
13183826851
13183831552
13183832123
13183850668
13183888511
13184573888
13187868808
13193114008
13193157386
13194798802
13194976206
13194983148
13194994949
13196046808
13198502533
13198506761
13198511037
13198512246
13198521298
13198590990
13201412993
13201530455
13201934565
13204497227
13206133871
13207112650
13208104850
13208111313
13208118906
13208172063
13208175367
13208196796
13208199273
13208199938
13208383906
13209801313
13209957189
13219002237
13219031143
13219801387
13219818022
13219858113
13219981999
13220307767
13224001280
13224049196
13224448499
13227871270
13228212123
13229172151
13229221227
13232040976
13251798761
13258112233
13258175347
13258188028
13258191077
13258261828
13258269328
13258269328
13258332682
13258340210
13258389100
13264700353
13265088548
13277061611
13278717295
13279392967
13281005209
13281066036
13281091118
13281092262
13281115299
13281185167
13281220061
13281225055
13281234005
13281280403
13281293507
13281819553
13288054914
13289220619
13289878618
13299118726
13301133199
13301610767
13301732388
13308003902
13308008760
13308013050
13308013320
13308013800
13308015073
13308017733
13308020608
13308036334
13308037022
13308042213
13308048905
13308051999
13308056357
13308056858
13308089995
13308097398
13308099331
13308110147
13308181210
13308181716
13308189485
13308207077
13308211603
13308227996
13308230959
13308231565
13308239393
13308291505
13308292032
13308382278
13308800886
13309006000
13310711136
13311061692
13311712060
13312547313
13312572894
13315102585
13315988218
13317142888
13319888939
13320742233
13320759533
13320759551
13320798333
13320891023
13320989892
13320991235
13320993909
13320994705
13320995778
13322509986
13324515689
13327432342
13330295117
13330516096
13330752222
13330785905
13330838789
13330838789
13982839513
13330944191
13330960333
13330965666
13330980265
13330989985
13330998921
13332531843
13335127878
13340899999
13340964564
13340992952
13342280181
13348860367
13348861816
13348883013
13348885406
13348888458
13348898805
13348912064
13348922573
13348966531
13348971742
13348990736
13349944792
13350054818
13350058671
13350059905
13350063118
13350067505
13350073329
13350077118
13350092118
13350092731
13350276868
13350297369
13350659895
13350663757
13350844401
13350845055
13350856836
13350881672
13350883196
13350888555
13350889417
13350891633
13350963003
13352050236
13354650182
13360000853
13360476390
13361351119
13368229968
13368842454
13369660867
13369891796
13370385392
13378105120
13378192292
13378279777
13378380966
13379766399
13383431090
13383435381
13384318953
13384936843
13386235352
13388159888
13388166073
13388166861
13388170288
13388173682
13388174820
13388180969
13388192395
13388196169
13388198266
13390150616
13392884155
13393641229
13394316617
13398124030
13398150392
13398154266
13398164498
13398178800
13398186277
13398192388
13398192388
13398390744
18980919847
13401155392
13402808956
13402820376
13402840119
13402842287
13402867686
13402875899
13402885005
13402886408
13402892232
13407103272
13408002883
13408030359
13408064020
13408068329
13408195555
13408461907
13408466627
13408488894
13408490980
13408492223
13408502510
13408502699
13408522393
13408539149
13408556606
13408580265
13408581789
13408599980
13408602816
13408603550
13408620913
13408630644
13408633032
13408633605
13408649924
13408652864
13408673902
13408682456
13408688916
13408693331
13418199146
13418519804
13419022743
13419107150
13419175800
13419196468
13419361688
13426491800
13434374419
13437296339
13438010755
13438044856
13438045673
13438049433
13438050625
13438058165
13438067423
13438069609
13438085819
13438123716
13438124253
13438130167
13438142028
13438168001
13438174332
13438192977
13438213501
13438236666
13438257511
13438306279
13438344431
13438356099
13438362035
13438478582
13438483163
13438483400
13438484670
13438577777
13438730335
13438801353
13438826727
13438845839
13438851233
13438854659
13438882503
13438895220
13438897766
13438900161
13438928982
13438970838
13438972938
13438981077
13438995425
13439360917
13440035772
13450409898
13452085476
13452438224
13452972280
13457480213
13458024962
13458048804
13458503970
13458522323
13458526164
13458529007
13458536561
13458556190
13458568235
13458582008
13458585957
13458596878
13458600401
13458666883
13458675483
13458727257
13466813420
13466850920
13466866923
13466880008
13476283607
13476298731
13477085880
13478702209
13478997673
13480671458
13480905636
13481155913
13481176166
13485352892
13487088195
13488928170
13488941825
13488952351
13488999023
13500024642
13500303820
13500359436
13501643620
13503033011
13504436378
13504466208
13507115759
13508018508
13508087562
13508087562
13508087789
13508167858
13508180955
13508193567
13508225006
13508228169
13508244099
13508261786
13508281666
13508284818
13508288091
13508289134
13508303905
13508396804
13508819171
13511946113
13512242119
13512340090
13512829129
13512893799
13514443947
13518106080
13518107928
13518115411
13518118483
13518128367
13518143938
13518163780
13518167706
13518177973
13518183440
13518184976
13518192601
13518194736
13518202029
13518203613
13518204061
13518217020
13518329307
13518356950
13518436222
13518466006
13518756997
13519122624
13519705128
13519754059
13520321679
13521740375
13521893839
13522628025
13524133656
13527409320
13527549117
13529107119
13529294331
13529398875
13529868543
13533777267
13534868174
13534893927
13535378960
13540044289
13540050672
13540074673
13540099699
13540125555
13540152906
13540164417
13540185119
13540190881
13540195411
13540231083
13540268291
13540284966
13540286104
13540286318
13540292789
13540302370
13540316915
13540323787
13540326840
13540335371
13540359908
13540361635
13540372157
13540383821
13540401573
13540426119
13540433332
13540455794
13540476103
13540629209
13540652680
13540653041
13540657235
13540681395
13540687534
13540708702
13540728231
13540728231
13540735677
13540773906
13540796996
13540806940
13540832295
13540832867
13540851539
13540861227
13540865294
13540884826
13540884826
13540892332
13541010052
13541064273
13541089008
13541114117
13541162284
13541182786
13541220489
13541222232
13541229218
13541238375
13541285484
13541286850
13541314549
13541329540
13541347008
13541380978
13541382476
13541957659
13544770796
13547118673
13547121340
13547632322
13547810994
13547823029
13547829825
13547876440
13547878545
13547888658
13547897419
13547906320
13547940848
13547944890
13547949431
13547970732
13547991824
13547991824
13547994838
13548012118
13548021894
13548035650
13548051891
13548064322
13548084303
13548086294
13548100317
13548108439
13548137501
13548157698
13548160336
13548212715
13548268077
13548285128
13548485888
13550064059
13550078508
13550081622
13550083337
13550083387
13550085871
13550110332
13550114618
13550153883
13550161213
13550180637
13550191009
13550192266
13550205356
13550238214
13550252339
13550258463
13550262039
13550266301
13550269612
13550272395
13550272811
13550282421
13550307099
13550317203
13550321320
13550334476
13550338160
13550339633
13550343112
13550349657
13550357090
13550357755
13550366503
13550381913
13550385608
13550519213
13550960666
13551002297
13551010478
13551010799
13551027292
13551038397
13551038857
13551044557
13551052087
13551067897
13551069461
13551071405
13551077529
13551089081
13551099195
13551099971
13551111223
13551111858
13551133025
13551138509
13551185326
13551188168
13551207225
13551214593
13551231655
13551237341
13551248693
13551251305
13551279883
13551319460
13551332655
13551348088
13551363147
13551374657
13551377577
13551386457
13551387820
13551387900
13551388999
13551508577
13551515506
13551515525
13551637530
13551746041
13551748835
13551803334
13551824673
13551829571
13551888945
13551990377
13554028536
13554450280
13554951509
13558523777
13558630801
13558654512
13558668352
13558676787
13558727670
13558728301
13558730800
13558743749
13558765111
13558787376
13558789371
13558807111
13558815696
13558818788
13558823650
13558830181
13558849873
13558862275
13558866008
13558871748
13558873066
13558879201
13558888618
13560441347
13565021888
13565892215
13565985155
13568029393
13568038597
13568041111
13568041738
13568111567
13568290865
13568311333
13568518094
13568818018
13568825666
13568826628
13568833184
13568836256
13568864471
13568874653
13568880707
13568881673
13568886438
13568888878
13568906989
13568925750
13568936126
13568961228
13570237470
13570293272
13570377637
13570584193
13570963658
13571172753
13571943505
13572201842
13572277684
13572511399
13572999933
13574850522
13577013287
13577144122
13577372100
13577410035
13578679422
13578734333
13578793671
13578908962
13579224965
13579409009
13579420255
13579867628
13579888422
13579899044
13580514244
13581882005
13593148420
13594276292
13594294601
13596437912
13600428850
13600672971
13601065953
13601073891
13601359199
13602101180
13602221870
13602221994
13602538716
13602550327
13604429119
13604482033
13608000921
13608003301
13608004131
13608004332
13608006410
13608013761
13608016595
13608016595
13608016929
13608016975
13608022037
13608028626
13608033200
13608037407
13608038287
13608039643
13608042610
13608057750
13608060346
13608066003
13608078087
13608081834
13608092336
13608092879
13608093686
13608094049
13608095511
13608096706
13608099110
13608122792
13608129560
13608136585
13608148179
13608148188
13608173250
13608173278
13608174671
13608176268
13608181178
13608182787
13608182995
13608196433
13608198711
13608199257
13608201272
13608201999
13608204647
13608230109
13608240556
13608245218
13608248818
13608256650
13608263099
13608264076
13608300501
13608399711
13608521176
13608606999
13608872659
13609328900
13609928359
13609974450
13610701959
13610738914
13618001005
13618015212
13618037566
13618050499
13618052134
13618059987
13618073104
13618085205
13618085959
13618086394
13618236433
13619215510
13619640427
13619925230
13621261759
13622016161
13622151642
13622300038
13622889654
13623514302
13623514302
17696033037
13623515335
13623616767
13627889847
13628019873
13628036007
13628038854
13628050761
13628065626
13628068840
13628069930
13628376983
13629668138
13629780106
13629920856
13630583103
13631395951
13632309627
13632310387
13634406163
13635384451
13635446577
13638355739
13639022868
13639141109
13640851636
13642088610
13643600804
13644421978
13647637171
13647665124
13648061785
13648070237
13550083337
13648070237
13648075667
13648083853
13648099978
13648113251
13648414998
13648715344
13648719183
13649019081
13650538419
13651206388
13652046541
13652124082
13653046105
13654309539
13657602293
13657949622
13658019652
13658019652
13658022263
13658022895
13658024911
13658030378
13658057072
13658069908
13658081127
13658086366
13658087190
13658097010
13658099946
13658161839
13658392550
13658633666
13659384656
13659535550
13659945175
13660412071
13660571248
13662147706
13663219712
13666083335
13666104169
13666106819
13666131185
13666140194
13666152010
13666165888
13666184601
13666188066
13666188188
13666190600
13666207368
13666212553
13666222125
13666224466
13666227995
13666240945
13666251550
13666251629
13666255105
13666257566
13666258138
13666272518
13666276261
13666277077
13666277081
13666291121
13666293069
13666299919
13667671131
13668100669
13668102236
13668118060
13668121503
13668152638
13668153711
13668159612
13668163623
13668167519
13668182619
13668191887
13668198281
13668207377
13668211931
13668219952
13668221522
13668222818
13668224160
13668228964
13668233773
13668250161
13668254620
13668271554
13668282809
13668299684
13668299713
13668329670
13668336792
13668370713
13668711013
13668926225
13669770440
13669947389
13671013034
13671081842
13674624191
13677794170
13678007165
13678007523
13678012231
13678030958
13678038064
13678051743
13678065052
13678065397
13678067987
13678082087
13678091809
13678121278
13678125821
13678125994
13678129304
13678151232
17780716417
13678151699
13678167060
13678167282
13678170821
13678173606
13678188425
13678235121
13678335130
13678366666
13679003366
13679019913
13679020197
13679026088
13679030369
13679030751
13679051550
13679065177
13679066603
13679071633
13679084773
13679087690
13679088069
13679096636
13679099910
13679100480
13679207705
13679208630
13682058071
13682106727
13682288460
13683242250
13683413381
13683416655
13683424245
13683441360
13683499175
13684006462
13684017631
13684040895
13684058508
13684092037
13684095727
13684234912
13684367968
13684430560
13685481221
13688000704
13688037610
13688044657
13688059666
13688089866
13688093982
13688103624
13688104651
13688112626
13688117917
13688132111
13688133555
13688135296
13688141576
13688150344
13688150344
15928184090
13688153779
13688162866
13688165899
13688165999
13688166502
13688170783
13688171858
13688179271
13688185241
13688186126
13688188399
13688190323
13688308915
13688313448
13688314856
13688331311
13688333033
13688335368
13688336907
13688339207
13688346826
13688355508
13688358936
13688361392
13688377965
13688388615
13688388803
13688392768
13688393891
13688414763
13688422385
13688427949
13688433260
13688448807
13688463975
13688464717
13688477597
13688479164
13688482611
13688486926
13688492237
13689002913
13689008911
13689010016
13689019387
13689024296
13689031333
13689071631
13689079128
13689092860
13689093408
13689096234
13689697290
13689906278
13691820007
13693410490
13693414890
13693427160
13693459375
13693498316
13696109636
13696165655
13696186963
13696924827
13698208819
13699011770
13699030303
13699032622
13699043962
13699067373
13699067672
13699078673
13699085553
13699089554
13699371329
13699406729
13699412352
13699417514
13699425701
13699427777
13699450978
13699453074
13699453446
13699459333
13699473921
13699475942
13699476926
13699693620
13699974229
13699977325
13699998583
13700299193
13700502901
13700600009
13700927909
13700936150
13701118915
13701915229
13704462321
13707499092
13708001133
13708007733
13708009595
13708009595
13666224468
13708011808
13708012333
13708020296
13708035192
13708035328
13708035827
13708045206
13708051063
13708055175
13708060002
13708061335
13708062186
13708062278
13708064861
13708077107
13708077158
13708077867
13708085233
13708087779
13708088990
13708089891
13708093585
13708095480
13708123772
13708135758
13708151366
13708170307
13708172778
13708173586
13708173625
13708179377
13708182741
13708184198
13708187399
13708187988
13708192254
13708192457
13708198877
13708203327
13708212412
13708226550
13708257330
13708406175
13708432379
13708710348
13888510601
13708711708
13708735434
13708848323
13709005887
13709009663
13709009844
13709018577
13709032741
13709032741
13709034482
13709037137
13709045476
13709045722
13709059015
13709059188
13709059785
13709064657
13709066349
13709067847
13709070807
13709088075
13709093943
13709097577
13709141218
13709251378
13709406898
13709720362
13711192769
13713827371
13714173301
13716132000
13716815355
13717815385
13720202427
13720450223
13730603710
13730606393
13730612564
13730621357
13730622837
13730623173
13730623901
13730641158
13730656670
13730661689
13730670700
13730795566
13730811634
13730834755
13730837778
13730839544
13730853684
13730860096
13730869251
18285165436
13730871091
13730871091
13730872077
13730875045
13730875148
13730892321
13730896628
13730897308
13733403334
13734028690
13736362055
13737310292
13739450153
13739468927
13739479385
13750053952
13750500701
13750523335
13751853478
13752042692
13752057025
13752257400
13752289522
13752557938
13752568691
13752869794
18623509794
13752903497
13753119532
13753444268
13753477475
13753487122
13759171359
13759400655
13759475343
13759528212
13759581990
13759883925
13759960524
13760088872
13760628881
13765046210
13765046861
13765059482
13765069929
13765080010
13765143090
13765823414
13769103039
13769125569
13771013636
13772082420
13778006860
13778076158
13778113789
13778299585
13778311666
13890427123
13778681233
13778684666
13778880338
13786784032
13789433601
13794117591
13794117635
13795516666
13795765955
13798300559
13801293060
13801314464
13801369225
13801923488
13802023987
13802194425
13802234566
13802271179
13802502351
13803005657
13803005736
13803430548
13807178286
13807711825
13808000229
13808003151
13808003728
13808008223
13808008692
13808008789
13808009923
13808010089
13808012402
13808013342
13808018655
13808018839
13808026729
13808027366
13808027599
13808027835
13808030898
13808033622
13808035875
13808036271
13808036456
13808038083
13808047299
13808047792
13808049597
13808050001
13808052181
13808053583
13808053693
13808056101
13808058958
13808059726
13808060205
13808061393
13808063469
13808063606
13808066240
13808068638
13808070518
13808071791
13808072198
13808076617
13808077270
13808077797
13808079901
13808080163
13808080506
13808080887
13808081710
13808082500
13808083311
13808083525
13808085909
13808089731
13808090241
13808091758
13808091811
13808091918
13808092985
13808093238
13808093387
13808096779
13808097499
13808098986
13808099133
13808099558
13808108688
13808109099
13808110752
13808125165
13808126005
13808126408
13808135808
13808138106
13808171617
13808172377
13808174775
13808175468
13808178774
13808180765
13808181133
13808182522
13808182714
13808183108
13808183152
13808183221
13808185822
13808186580
13808189953
13808191066
13808191139
13808192277
13808195159
13808195271
13808197040
13808199075
13808199617
13808200991
13808201907
13808202929
13808202972
13808203189
13808205121
13808205668
13808205775
13808206969
13808207576
13808207856
13808207856
13808208352
13808208964
13808210988
13808211015
13808211167
13808215296
13688135296
13808215561
13808216599
13808219621
13808230777
13808233247
13808236980
13808238192
13808251293
13808256455
13808277339
13808290777
13808291828
13808380565
13808656378
13808879398
13809899900
13810368238
13812289598
13816841033
13820189492
13820196565
13820204748
13820287427
13820287427
13820417564
13820664086
13820704905
13820772411
13820876540
13820939024
13821000740
13821205247
13821267005
13821340320
13821532139
13822298729
13823168436
13823760526
13826092705
13826182167
13826229371
13827873483
13829702202
13833197508
13844014211
13852449144
13860169685
13871174903
13871455309
13877120042
13877939090
13878132567
13878575453
13880005064
13880008109
13880012681
13880012682
13880018503
13880018649
13880019087
13880026900
13880028008
13880040737
13880044178
13880049115
13880052138
13880054733
13880059087
13880060273
13880062853
13880066666
13880066966
13880075165
13880079889
13880083871
13880087187
13880089249
13880089989
13880093767
13880094688
13880103063
13880115314
13880116489
13880119292
13880121022
13880122227
13880123528
13880132211
13880138678
13880166672
13880168526
13880178767
13880178824
13880181355
13880189070
13880190876
13880196977
13880197636
13880203346
13880212344
13880212987
13880213391
13880214065
13880215192
13880219668
13880224597
13880226506
13880249642
13880262919
13880270303
13880288168
13880299357
13880300788
13880303990
13880308088
13880320739
13880322445
13880323988
13880325977
13880330920
13880344345
13880349584
13880358658
13880363195
13880375730
13880379803
13880387238
13880387748
13880394569
13880396341
13880398876
13880401855
13880403458
13880416812
13880417364
13880421650
13880424272
13880426259
13880426431
13880430996
13880432098
13880434945
13880452735
13880452929
13880456633
13880456767
13880458346
13880466478
13880471333
13880475501
13880482785
13880487247
13880499341
13880500607
13880506896
13880507770
13880509119
13880518585
13880519212
13880537687
13880540809
13880550111
13880559620
13880562026
13880563164
13880566671
13880573656
13880579026
13880580115
13880582134
13880584872
13880587446
13880595928
13880597588
13880597588
13096369656
13880613198
13880616033
13880623702
13880629987
13880637958
13880639089
13880647129
13880647391
13880648911
13880651111
13880662779
13880665066
13880669239
13880670761
13880672287
13880675858
13880682117
13880682468
13880682626
13880685585
13880688536
13880693336
13880695118
13880703849
13880710281
13880713074
13880717818
13880726514
13880738992
13880757565
13880759666
13880766052
13880766939
13880769478
13880772446
13880773745
13880775260
13880777657
13880777860
13880783820
13880785337
13880800361
13880800877
13880801735
13880805246
13880805535
13880806763
13880810477
13880830349
13880838031
13880839534
13880847182
13880848837
13880850878
13880851157
13880855739
13880862899
13880864673
13880899732
13880908958
13880909936
13880923679
13880935224
13880936543
13880937229
13880948230
13880951675
13880952553
13880961936
13880966669
13880967817
13880968812
13880975675
13880977715
13880980606
13880982846
13880982946
13880987290
13880989256
13880989397
13880992185
13880995108
13880995108
18081120705
13880997813
13880999829
18608009686
13881011870
13881016906
13881025008
13881119165
13881130509
13881168365
13881227637
13881519501
13881592888
13881681268
13881689139
13881700673
13881711920
13881716686
13881717264
13881724350
13881732690
13881733600
13881734648
13881737662
13881741561
13881742284
13881782289
13881782429
13881783974
13881785752
13881788007
13881788989
13881801433
13881808291
13881809998
13881812363
13881814072
13881817508
13881822977
13881825988
13881826191
13881832014
13881832128
13881838153
13881839070
13881839567
13881855877
13881859077
13881860715
13881860857
13881868482
13881868788
13881879010
13881886363
13881898040
13881903660
13881909573
13881911913
13881925503
13881932929
13881933609
13881936369
13881952321
13881966076
13881976115
13881986767
13881988218
13881994761
13881999720
13881999720
13882003338
13882011528
13882017278
13882020623
13882030940
13882057988
13882058787
13882086057
13882088845
13882092888
13882095233
13882122254
13882122274
13882123795
13882129961
13882133094
13882134542
13882159220
13882166792
13882168777
13882173547
13882176669
13882182961
13882183005
13882192495
13882196511
13882198800
13882199224
13882201228
13882201228
13882209154
13882212302
13882225000
13882227778
13882227824
13882232726
13882242710
13882256677
13882257998
13882269556
13882273883
13882276466
13882279954
13882299119
13882299361
13882342789
13882368798
13882526227
13882528065
13882582486
13882715333
13882826789
13882878999
13882893066
13882895758
13882898959
13882928866
13882966128
13882990558
13883056193
13883163851
13883230302
13883361618
13883482538
13883680585
13883708388
13883872233
13883897440
13884425225
13885069935
13885168133
13885345369
13886002592
13886073736
13886160949
13887417371
13888060358
13888119971
13888179958
13888209397
13888259970
13888467504
13888503813
13888520158
13888602755
13888680222
13888690220
13888695719
13888730534
13888733024
13888785268
13888800217
13888859759
13888866185
13888941997
13888974532
13890104714
13890133728
13890150067
13890162968
13890425293
13890492549
13890935515
13890995630
13892814463
13896059328
13896960672
13896986334
13897097833
13899017788
13901184092
13901202842
13901221796
13901338886
13901359169
13901359169
13908230981
13901390430
13901926628
13902091067
13902108560
13902465666
13902602382
13902955508
13903020868
13903418380
13904415441
13908000081
13908000698
13908001010
13908001225
13908001327
13908003291
13908003872
13908007060
13908008475
13908009269
13908011190
13908011717
13908012350
13908013359
13908015532
13908019221
13908020520
13908021837
13908022009
13908022740
13908023672
13908027248
13908029016
13908036215
13908038508
13908039003
13908039360
13908040652
13908040905
13908044150
13908044897
13908045092
13908047848
13908048289
13908049296
13908055056
13908055300
13908055425
13908058878
13908059102
13908059506
13908060005
13908061785
13908063506
13908064163
13908065076
13908065846
13908066607
13908066739
13908068391
13908069515
13908073044
13908078328
13908083173
13908086877
13908087020
13908087283
13908092866
13908093984
13908095265
13908096302
13908097373
13908099380
13908100988
13908110588
13908124096
13908130982
13908151787
13908152028
13908156335
13908159353
13908163108
13908167760
13880851109
13908168138
13908171173
13908172208
13908174353
13908178289
13908178586
13908178700
13908179237
13908180563
13908181068
13908183241
13908186810
13908188318
13908189068
13908189093
13908192305
13908195962
13908196787
13908197526
13908198062
13908207918
13908208206
13908210100
13908211160
13908214277
13908217006
13908219318
13908225185
13908227118
13908227321
13908227776
13908228156
13908228261
13908229542
13908229757
13908230490
13908230945
13908231748
13908232735
13908232811
13908234172
13908236039
13908237003
13908237156
13908238766
13908240767
13908465582
13908902949
13908909755
13908914450
13908918670
13908926699
13908991368
13908991368
13989009166
13909014007
13909014926
13909037850
13909042256
13909044722
13909044825
13909060548
13909067211
13909076250
13909083142
13909083142
18982467955
13909090326
13909092383
13909096488
13909445708
13909718849
13909946259
13910007128
13910033597
13910037335
13910037335
13910289909
13910725573
13911166620
13911219369
13911223621
13911289056
13912386368
13916131172
13916567868
13916936266
13917323386
13919806391
13920075952
13920080183
13920085616
13920476068
13920530373
13920809137
13920833448
13920847115
13920916564
13920927032
13922119222
13923712823
13924636836
13924636836
13980871627
13925032828
13927996361
13928730027
13938236666
13943080901
13944103505
13944119982
13944190707
13945010454
13948403223
13955103741
13971024899
13971088912
13971298092
13971633564
13977159408
13978014962
13978387565
13980001029
13980004999
13980005958
13980006356
13980007369
13980007372
13980008093
13980017595
13980017928
13980021325
13980024022
13980025737
13980026895
13980027311
13980029669
13980033777
13980044216
13980044277
13980048454
13980053201
13980054652
13980055911
13980057815
13980059370
13980062176
13980067431
13980069813
13980070484
13980077596
13980084435
13980088815
13980089389
13980090127
13980093908
13980095803
13980095863
13980097719
13980099568
13980108165
13980131611
13980131611
13980133861
13980166777
13980175675
13980202408
13980209333
13980219091
13980230118
13980289679
13980291866
13980355992
13980358160
13980404879
13980405099
13980407578
13980414143
13980426120
13980442396
13980444729
13980448888
13980449588
13980451912
13980454237
13980476261
13980483405
13980487139
13980488686
13980496683
13980497198
13980497360
13980499339
13980510687
13980522983
13980531935
13980538266
13980546176
13980547667
13980550412
13980560240
13980562265
13980566302
13980570669
13980579374
13980582182
13980588261
13980588261
18683650261
13980588261
13908133861
13980588263
13980588270
13980588979
13980590658
13980592652
13980592987
13980604365
13980610241
13980616910
13980632817
13980656352
13980660600
13980661076
13980661155
13980661858
13980665388
13980666666
13980667668
13980671092
13980682788
13980695618
13980695618
13658055907
13980698888
13980702606
13980711659
13980715124
13980716397
13980717660
13980727759
13980751360
13980753046
13980756887
13980766939
13980774022
13980778502
13980778773
13980781927
13980793508
13980807758
13980809004
13980810388
13980819490
13980819691
13980825399
13980829770
13980833146
13980833298
13980839650
13980841989
13980850207
13980854775
13980868878
13980873668
13980876651
13980879396
13980881618
13980888513
13980888947
13980895700
13980899905
13980900257
13980906100
13980907201
13980907896
13980909092
13980909793
13980910415
13980919622
13980919995
13980926420
13980926420
18583245978
13980928311
13980943167
13980944090
13980953659
13980956257
13980956408
13980957773
13980969966
13980973618
13980976309
13980976805
13980978177
13980979809
13980982712
13980986676
13980988007
13980990464
13980990816
13980996999
13981030833
13981115995
13981116625
13981119670
18212219399
13981165957
13981230659
13981266198
13981268890
13981326898
13981393475
13981399699
13981487858
13981531001
13981572000
13981602816
13981627195
13981629250
13981655498
13981706594
13981709066
13981713659
13981727045
13981735658
13981749894
13981761461
13981766777
13981767013
13981770963
13981778312
13981780734
13981786111
13981790787
13981801925
13981804188
13981806821
13981806821
13981812524
13981815166
13981815585
13981815990
13981816884
13981817021
13981818917
13981821978
13981822398
13981826008
13981827709
13981830114
13981830766
13981831336
13981833261
13981842297
13981847885
13981860606
13981860817
13981860886
13981861266
13981863166
13981865421
13981869809
13981878027
13981886188
13981887740
13981888616
13981889057
13981902716
13981903021
13981905449
13981905569
13981906093
13981908955
13981909233
13981912233
13981912315
13981916166
13981918693
13981921315
13981921905
13981923026
13981925131
13981926006
13981926080
13981935115
13981937878
13981942927
13981945433
13981947885
13981951977
13981962297
13981965611
13981969624
13981972055
13981972061
13981972067
13981976961
13981977698
13981979266
13981985258
13981985993
13981987278
13981987380
13981989007
13981989147
13982009891
13982012696
13982015367
13982024063
13982024336
13982024577
13982029293
13982029987
13982030975
13982056471
13982058757
13982063362
13982066128
13982066849
13982072570
13982076611
13982076685
13982081765
13982081944
13982087758
13982090596
13982090665
13982092688
13982096542
13982103002
13982109298
13982117921
13982120262
13982124115
13982129441
13982132567
13982133766
13982136306
13982174555
13982175166
13982181228
13982181538
13982182461
13982189566
13982199798
13982210691
13982256516
13982258141
13982259993
13982269188
13982269188
13982270317
13982281689
13982284370
13982286663
13982292307
13982295885
13982297931
13982299006
13982368820
13982380111
13982434532
13982730982
13982783001
13982840318
13982840318
13980769180
13982895906
13982899786
13982933338
13982953332
13982996671
13982999877
13983050063
13983104512
13983118332
13983137564
13983463242
13983626045
13984015327
13984136182
13984175011
13984737553
13984822187
13985115583
13987193868
13987634381
13988508118
13989092212
13989292164
13989296078
13990006922
13990035021
13990045355
13990068861
13990093606
13990105215
13990124368
13990228718
13990328763
13990430256
13990457988
13990541212
13990556806
13990623867
13990806748
13990818825
13991832253
13992762871
13993193951
13994281884
13995652019
13995658851
13996147316
13996189876
13996198080
13996215539
13996358214
13996431674
13997106999
13997228268
13999162412
13999268638
13999417308
13999419016
13999424233
13999815372
13999909204
13999943008
14745172684
14780047639
14780412177
14787457082
14787810021
14787825676
14787828780
14787891705
14787898286
14792069267
14799308657
14799316332
14799327384
15001970098
15002200871
15002298436
15002336338
15002803373
15002809795
15002811135
15002820500
15002832990
15002855045
15002992427
15003409622
15004317108
15004528853
15005797357
15007218969
15008103245
15008217790
15008218620
15008226163
15008233238
15008246983
15008250629
15008254856
15008273237
15008416328
15008416328
15008422759
15008432112
15008443307
15008446722
15008452093
15008454974
15008466210
15008468947
15008473598
15008475653
15008475657
15008484580
15008490538
15010519112
15010562389
15010830081
15016827123
15022185325
15022327486
15022730827
15022752593
15023175932
15023682317
15023725092
15023729154
15023730203
15025758528
15029204396
15029216831
15029758906
15029983237
15032050165
15034070952
15035125927
15035196163
15040657182
15051674011
15052419630
15071229146
15071333173
15071389694
15073377311
15075121561
15077134168
15078384690
15078814233
15082184801
15082554850
15085695209
13915085920
15085946690
15085962272
15086170113
15086610037
15086758318
15087014297
15087159883
15088132101
15088132107
15088132138
15091284715
15096618263
15099054328
15099060561
15099076331
15099077109
15099169397
15099187132
15099559379
15099565268
15099639237
15099660605
15101201010
15102297471
15102788700
15102804318
15102806844
15102814965
15102826258
15102839340
15102844117
15102854896
15104460630
15108105515
15108113767
15108114751
15108118746
15108136726
15108156802
15108246606
15108303977
15108321743
15108327628
15108343567
15108373205
15108396688
15108422909
15108464636
15108474536
15108474751
15108494245
15108666088
15109291486
15109809371
15110599190
15110655182
15111244820
15111844571
15111901700
15111953086
15114016683
15114019746
15114078927
15114088818
15114866469
15116179188
15116404119
15116486108
15117111802
15117183067
15122448764
15122480923
15122631698
15123335920
15129090106
15129222253
15130175760
15131195528
15135105341
15135158858
15136615403
15143017000
15143035885
15145055448
15159244888
15160875937
15160888458
15160958939
15169083908
15171752870
15177183242
15177299889
15177321725
15177770896
15178728191
18190330337
15178781806
15178849092
15178873529
15180813551
15180846073
15181005601
15181278720
15181867029
15182513658
15182841243
15182915802
15182970769
15183066133
15183114783
15183330487
15184344531
15184353678
15184367848
15184401044
15184415464
15184472999
15184477490
15185119351
15186173480
15186617602
15186989748
15187409000
15191457863
15191470575
15191915693
15196051503
15196065503
15223202482
15196613285
15196615433
15196622008
15196622698
15196633389
15196635940
15196637539
15196637877
15196659111
15196663298
15196689096
15196695223
15196788035
15198013114
15198021795
15198023323
15198040627
15198069856
15198083928
15198096239
15198129738
15198137711
15198144837
15198170127
15198187290
15198213603
15198234258
15198234991
15198267962
15198271554
15198295043
15198298904
15198716507
15198779649
15198785855
15198802937
15198936370
15198939524
15199145856
15201244016
15202019208
15202358523
15202805692
15202827089
15202853236
15202860350
15203465783
15203517130
15207738616
15208111998
15208112971
15208135559
15208144537
15208157640
15208165540
15208165607
15208173242
15208182304
15208192610
15208194119
15208202935
15208214909
15208216620
15208224212
15208227121
15208229947
15208240861
15208265927
15208306804
15208308594
15208315153
15208321512
15208328572
15208354466
15208356152
15208369110
15208375351
15208379023
15208411513
15208423874
15208445087
15208462862
15208463100
15208472162
15208473452
15210031893
15210246384
15210296048
15213132275
15213150714
15213191458
15213396326
15215112868
15215140845
15215147923
15216059163
15218177280
15222117074
15222782735
15223090224
15223261726
15223276164
15223402271
15223731986
15223774249
15228008989
15228702467
15228804579
15228805576
15228806177
15228815647
15228827220
15228829388
15228846438
15228852475
15228864645
15228878009
15228882571
15228889536
15228911401
15228954508
15228978132
15229244334
15229315260
15229895002
15229895931
15233632871
15234091528
15234150328
15234171746
15235130546
15235367333
15235397655
15240656533
15242638033
15244916500
15246784818
15258197591
15271621722
15276530714
15276622651
15277026173
15277071855
15277166990
15278083283
15278151227
15280971918
15281003983
15281008373
15281021076
15281031517
15281087541
15281202284
15282269878
15282287530
15282399389
15282457306
15282599528
15283530914
15283765314
15283774303
15283777279
15283879153
15283885355
15283886739
15285057979
15285136528
15285953737
15286056248
15286201553
15286217954
15287897114
15288050775
15288095816
15288178046
15288240674
15288248468
15288275120
15288433604
15289275173
15289358633
15291487208
15291836980
15291870968
17629241836
15291961213
15292882157
15296335952
15298046912
15298048252
15298102222
15298237377
15299180102
15299306654
15302016855
15308000766
15308039262
15308058587
15308091150
15308095472
15308172789
15308181486
15308185191
15308199134
15308206667
15308221266
15308222983
15308347952
15308347952
15308379959
15308641509
15308853733
15309017162
15320588278
15326062552
15328040246
15328054776
15328069326
15328070987
15328074718
15328088927
15328180386
15328187762
15329160867
15329305330
15330501300
15330703088
15332221191
15332428032
15337218768
15348184533
15349294761
15353719837
15360328425
15362085329
15364816014
15373028902
15378172680
15378182601
15378204317
15378530563
15381133941
15383337815
15383961358
15386115838
15386663754
15386818767
15387621537
15388131017
15388139680
15388158570
15388166387
15388168435
15388178307
15388236054
15388254348
15388254807
15388256362
15388263057
15388391666
15388446556
15388447223
15389234506
15390047732
15390050405
15390133711
15390156067
15390159363
15390380374
15390421209
15390423407
15390425010
15390437123
15391366536
15397620577
15397630625
15397728991
15398520539
15500002068
15502819850
15507862589
15508023340
15508515789
15511123547
15513066078
15513094636
15517990534
15519541800
15519549175
15520336333
15520451993
15520477480
15520598199
15520736608
15520740436
15521023318
15522495148
15522569535
15522785235
15526887557
15527893147
15527988928
15528060827
15528131877
15528131877
15528180332
15528181334
15528196558
15528257339
15528294342
15528314224
15528346709
15529629636
15530151610
15534448098
15535371297
15536558871
15536558872
15538711024
15559616897
15567272244
15567779377
15567868299
15576244816
15577368472
15578970025
15581574030
15583569211
15583764333
15584237478
15585170360
15587088980
15587246218
15587771515
13871407979
15590680521
15596797536
15602218937
15607732015
15608003818
15608008336
15608010361
15608060821
15608095292
15608171389
15608215817
15608239393
15608241092
15609293210
15613359112
15618558955
15622209510
15623606095
15625095838
15625712803
15626397989
15629060006
15629121363
15635385692
15643010052
15643121725
15643499700
15652459760
15652756334
15677004443
15677556643
15678891520
15680071125
15680071226
15680414508
15680536356
15680558213
15680570259
15680672730
15680686666
15680703351
15680711992
15680715057
15680737615
15680781451
15680797019
15680802592
15680806569
15680825995
15680898932
15680907626
15680939558
15680961610
15680987161
15681120058
15681196980
15681372912
15681381028
15681619991
15681757870
15681877333
15681921168
15681931799
15682022998
15682059620
15682070270
15682554315
15685166296
15685412929
15685415139
15685415267
15687055357
15687116515
15691649344
15691687896
15691829039
15692885019
15696525436
15699163669
15700352234
15700352483
15700353278
15700375404
15700772223
15707717890
15708181646
15708182001
15708320064
15708322471
15708329405
15708432785
15708436760
15708438924
15708443724
15708444010
15708444297
15708444302
15708444408
15708444831
15708455980
15708461240
15708464906
15708478820
15708486181
15708486289
15708492711
15708495654
15708497344
15708497814
15708498545
15712851852
15713893933
15721568149
15727399460
15730106778
15730223921
15730482753
15732171579
15732633722
15736164864
15739444908
15739533598
15754317891
15754885018
15756238552
15756327095
15756350688
15756362976
15760090513
15760634417
15761674912
15764343683
15764354746
15764372884
15769157564
15769181698
15770009821
15770302641
15773227821
15775691012
15775692021
15775692249
15777102260
15777119220
15778415169
15801402379
15802806996
15802825841
15802833335
15802856016
15802859791
15802861696
15802868687
15802876260
15802968230
15803059727
15803414356
15803415984
15807765823
15808026561
15808109731
15808112696
15808142557
15808160931
15808351661
15808352229
13951339061
15808390089
15808487873
15808761225
15808811896
15808869384
15808878091
15808896529
15810890534
15810890534
18511838859
15812016859
15812820447
15815238625
15816530860
15818330482
15818431256
15820131685
15822033056
15822033056
15822622304
15822855621
15822928048
15822973833
15823042273
15823118520
15823555904
15823909725
15823949774
15825280890
15826048057
15826055651
15827207995
15827412556
15828009109
15828009684
15828014592
15828015888
15828019187
15828034803
15828052326
13438694306
15828077364
15828081881
15828099837
15828104681
15828111667
15828131250
15828132973
15828173648
15828177784
15828182639
15828204761
15828215023
15828221082
15828272152
15828285555
15828286666
15828288821
15828329081
15828338880
15828350288
15828375982
15828378836
15828382978
15828390178
15828401677
15828406342
15828435431
15828437318
15828463625
15828475072
15828508598
15828531585
15828538132
15828539918
15828554722
15828558829
15828558829
15308034237
15828574974
15828593042
15828623653
15828623653
15828639663
15828654496
15828673331
15828753085
15835131770
15870329995
15870956206
15877162447
15877854225
15877943769
15878181157
15878385610
15878757012
15878801117
15878898182
15881015653
15881016507
15881024691
15881024691
18144348958
15881028435
15881045075
15881050112
15881059372
15881059372
15881060513
15881067967
15881078387
15881082753
15881083653
15881085277
15881097865
15881121480
15881132463
15881146244
15881154940
15881160237
15881184170
15881188987
15881194146
15881465192
15881613931
15881622444
15881955866
15882027283
15882041357
15882059633
15882075647
15882081767
15882083834
15882084151
15882089011
15882091184
15882091258
15882094953
15882098183
15882111505
15882123231
15882123918
15882124602
15882130881
15882135225
15882146562
15882165365
15882177091
15882182381
15882186130
15882194630
15882198037
15882203152
15882205158
15882212913
15882219420
15882221318
15882233673
15882233676
15882245215
15882258502
15882261768
15882267845
15882268100
15882271221
15882273470
15882277695
15882305384
15882314737
15882331828
15882335332
15882339600
15882352820
15882358776
15882365585
15882373415
15882379349
15882409561
15882415187
15882417319
15882422516
15882424001
15882425660
15882429286
15882451041
15882451575
15882458008
15882464586
15882475377
15882481546
15882483657
15882846478
15882976666
15883358595
15883435858
15883716999
15883748770
15883753776
15883846666
15884201053
15884234424
15884314499
15884401176
15884424927
15884470669
15884483830
15884530746
15884532362
15884559442
15884567892
15884586220
15884603130
15884664427
15885026026
15885035435
15885063729
15885367141
15887035120
15887256048
15887804980
15887875328
15887934801
15889036666
15889933454
15889963116
15892414777
15892448855
15892855422
15892900288
15899103903
15899119083
15899208730
15899258396
15900337617
15900388452
15900783657
15901268169
15902274971
15902307844
15902687220
15902699832
15902814779
15902824787
15902831028
15902838697
15902838828
15902850723
15902854100
15902881159
15902885600
13880561854
15902898843
15902899923
15902996076
15903501993
15908103909
15908111415
15908113155
15908128835
15908131836
15908134123
15908144627
15908144860
15908181859
15908195713
15908198600
15909315992
15909365427
15909386935
15909914041
15910680082
15910995635
15911426087
15911536524
15911548920
15911607223
15911675447
15911938661
15911951104
15912139140
15912545663
15913103285
15913193580
15915748810
15918415235
15920070277
15922089839
15922125051
15922298243
15922757872
15922987798
15923216149
15923335596
15923962704
15923974515
15925194729
15925224104
15927006266
15927415970
15928001159
15928003612
15928009877
15928048889
15928062018
15928087981
15928097963
15928099556
15928102275
15928103304
15928103411
15928123279
15928129140
15928159928
15928168065
15928170502
15928170983
15928171862
15928173518
15928174430
15928187835
15928191126
15928243222
15928260188
15928385889
15928408556
15928418544
15928426927
15928432037
15928446593
15928461575
15928490597
15928523300
15928542274
15928548910
15928555536
15928561188
15928562419
15928592233
15928592971
15928603645
15928604869
15928612772
15928620675
15928621803
15928623611
15928636180
15928646298
15928659628
15928672500
15928695355
15928697459
15928699709
15928716450
15928718479
15928719497
15928737117
15928743291
15928746659
15928764442
15928771331
15928802865
15928817952
15928826181
15928827978
15928834129
15928834520
15928841808
15928843457
15928846933
15928852517
15928854242
15928855977
15928862108
15928879746
15928896327
15928930807
15928933247
15928954003
15928977910
15928989220
15928998086
15928998089
15940968019
15944147673
15948056549
15948269608
15948710286
15951773118
15953100578
15969405041
15969444464
15969472603
15971388137
15972484215
15975531530
15982013807
15982019363
15982031151
15982031462
15982034056
15982051651
15982060402
15982060402
18980900702
15982062083
15982066774
15982076229
15982078382
15982090476
15982111659
15982119856
15982119991
15982132908
15982134537
15982136057
15982167424
15982181870
15982185881
15982185882
15982210551
15982219012
15982222213
15982224926
15982232829
15982237124
15982252803
15982260377
15982261295
15982269115
15982276260
15982279796
15982284216
15982286257
15982291488
15982295667
15982297589
15982306573
15982330152
15982335307
15982361389
15982394307
15982424551
15982433421
15982807450
15982807450
15982811972
15982812026
15982814574
15982823167
15982842886
15982852619
15982861610
15983033300
15983098608
15983577381
15983577381
15984777888
15986352560
15986496071
15987104232
15987104232
15987138826
15987170471
15991655949
15994740341
15999100657
16609912262
17032149999
17087845332
17092848825
17138085457
17138089583
17300702751
17302800430
17302802840
17302813037
17302832387
17302879757
17313169613
17313213021
17313929085
17313939691
17318600902
13880929902
17318659213
17318696070
17323198596
17340122110
17345003570
17345032829
17345732803
17358514019
17358514464
17358618090
17360035568
17360061761
17360135203
17361014079
17361268625
17364826220
17368581168
17374981617
17380128001
17380438936
17380698731
17381900379
17381920094
17381932589
17381953157
17384001533
17384719568
17394947108
17502829213
17506220971
17600118213
17600896930
17601525550
17602870616
17602872825
17602881393
17607191204
17608002517
17608004176
17608011373
17608029923
17608038552
17608160581
17608285617
17612000946
17612169644
17612268879
17612281647
17612736089
17612887668
17614561562
17621660175
17623010699
17623592519
17623802386
17628003721
17628041204
17628071635
17628095837
17628097258
17628284346
17628285440
17628294376
17628299704
17671255395
17677606642
17687626475
17687752512
17689496040
17690721330
17690826771
17691140634
17691350701
17695656202
17696033037
17696035927
17701033317
17708005886
18621623625
17708021860
17708032757
17711097863
17711357377
17711378623
17713591107
17716154663
17716683662
17716851195
17721006730
17725010676
17725152712
17729839580
17729847787
17731145045
17743033312
17744215826
17752898106
17758671346
17760030719
17761232534
17761270293
13980920314
17761279385
17761285125
17765826583
17778392487
17778477734
17778670270
17780490987
17780537040
17780626252
17780677969
17780710090
17780711093
17780716541
17780728602
17782310929
17783341987
17783432830
17785133890
17788669776
17791314911
17791773543
17792500991
17792820705
17794217763
17828013597
17828083348
17828086595
17828100449
17828147561
17828168879
17828477842
17828909512
18004327737
18008022294
18008028542
18008051111
18008072803
18008076168
18008243999
18008294570
18010530077
18010552863
18010560807
18010569495
18010613212
18010623381
18010652196
18010653196
18010657838
18010663920
18010675207
18010678223
18011131319
18011342180
18011357903
18011399902
18011420531
18011430726
18011475067
18011511518
18011513821
18011517207
18011521481
18011522262
18011522262
18011522812
18011528134
18011528154
18011567708
18016822779
18016867173
18022594571
18030425161
18030502662
18030517538
18030530538
18030555503
18030566988
18030579137
18030600901
18030605148
18030623200
18030638601
18030652383
18030652383
18030700296
18030709689
18030716853
18030720341
18030761596
18030769036
18030775561
18030804774
18030865332
18030865337
18030892204
18030928740
18030955661
18030962764
18032209572
18035192758
18039805968
18040314137
18043195856
18043417848
18043633357
18045137171
18643191777
18048072835
18048469782
18048493353
18048503155
18048511101
18048532025
18048565979
18048577592
18048901785
18049096188
18049279730
18054788292
18062656906
18064875095
18066660650
18070621839
18070909340
18070909340
18070937423
18074941891
18076610356
18077783060
18078196658
18080081138
18080165654
18080168825
18080176362
18080429061
18080476594
18080487967
18080791338
18080811440
18080835469
18080836617
18080855075
18080861777
18080882708
18080921856
18080922172
18080926653
18080945508
18080973149
18080998858
18081009485
18081038258
18081076176
18081082766
18081128554
18081150764
18081177422
18081513111
18081751999
18081789368
18081841011
18081895450
18081941827
18081978397
18081981103
18082987297
18083620078
18084815563
18084820067
18084827975
18084863113
18084863527
18084864052
18084867635
18084882975
18085045921
18085176040
18085968101
18086400015
18086438825
18086438848
18086438848
18086801718
18086808804
18086831680
18086832112
18086851474
18087404083
18088249830
18088601968
18089212198
18090032290
18090313131
18090574495
18090606569
18090897833
18091290761
18092091320
18092234575
18092307860
18092308812
18092322352
18092920057
18092959989
18099202295
18099210723
18099670949
18108010020
18108036653
18108042015
18108049982
18108066090
18108088778
18108127912
18108172716
18108181800
18108188651
18108198634
18108250807
18109007053
18110536332
18111220513
18111222698
18111236905
18111238206
18111263384
18111632700
18111672926
18111725411
18113004876
18113005815
18113005921
18113031204
18113039275
18113045389
18113072237
18113072237
18116625280
18117828891
18117831127
18117863851
18118773385
18119100335
18121860804
18121953823
18123214078
18123288925
18123361013
18123381721
18123468656
18129207281
18139625602
18140058129
18140104979
18140105253
18140136520
18140216369
18140222681
18141308118
18144348958
18144390991
18144398250
18148007169
18148013713
18148149537
18148177933
18160030913
18160030915
18160146070
18161214571
18166882671
18167855152
18167855611
18167874727
18170800536
18171260312
18171276710
18172099213
18180236986
18180406778
13518204785
18180408572
18180454098
18180491011
18180492845
18180523693
18180547122
18180551952
18180568320
18180568323
18180569510
18180569530
18180569910
18180589486
18180648838
18180688779
18180692923
18180714180
18180774552
18180815803
18180865570
18180877259
18180926531
18180975002
18181164032
18181401022
18181445430
18181603610
18181956331
18181992657
18182403807
18182516889
18183120131
18183281302
18183389738
18183818869
18185136385
18186133283
18186868264
18187301033
18187301822
13354650182
18187305889
18188342907
18188446686
18188446686
18188476948
18190012070
18190678834
18190686271
18190689962
18190708206
18190729253
18190762919
18190769237
18190798878
18190819218
18190934268
18190986087
18192276362
18192399079
18195905713
18198690515
18199108945
18199852972
18200106841
18200110338
18200113911
18200117599
18200129271
18200129569
18200130566
18200130798
18200130892
18200131517
18200131691
18200132669
18200132992
18200133256
18200156895
18200170265
18200198310
18200211554
18200212356
18200258799
18200277375
18200289203
18200292697
18200296288
18200296288
18200351946
18200352085
18200353671
18200355823
18200365879
18200369840
18200374032
18200374880
18200377273
18200385606
18200387173
18200388518
18200388638
18200388966
18200389055
18200389098
18200389228
18200389727
18200390676
18200390780
18200391007
18200391151
18200391788
18200392433
18200392621
18200420835
18200424154
18200436020
18200516869
18200518607
18200520258
18200521389
18200576861
18200589979
18200597516
18201265252
18202680933
18202800322
18202805947
18202810137
18202814837
18202815105
18202822772
18202822981
18202823128
18202823128
18202823238
18202825977
18202826498
18202836108
18202840718
18202845840
18202860197
18202867094
18202881035
18202890109
18202890628
18202893827
18202895328
18202970995
18204030974
18206737082
18206860873
18206870416
18208109551
18208114665
18208174284
18208197573
18208736145
18209977189
18213084101
18213188863
18213505193
18213541256
18213852190
18213957653
18214673350
18215509775
18215519788
18215523328
18215523988
18215531233
18215532661
18215557312
18215558568
18215559908
18215565282
18215567370
18215626265
18215639198
18215669176
18215696793
18218677951
18220686421
18222059550
18222600412
18222927062
18223210384
18223336949
18223340605
18223379952
18224043537
18224086909
18224407745
18224435525
18224459963
18224464022
18224487791
18225372758
18225416887
18227551776
18227552773
18227552773
18227658725
18227669812
18227669868
18227731473
18227751327
18227751786
18227751896
18227753750
18228006283
18228011758
18228028334
18228059894
18228061992
18228105635
18228300741
18228312310
18228343135
18228387080
18228621337
18228752972
18231193165
18234067205
18234070052
18234104947
18234108735
18234125076
18234439079
18243017134
18243066573
18269636218
18271422812
18271828545
18275147531
18275237764
18275242598
18275353170
18275376294
18277102376
18277703530
18280002007
18280007681
18280040407
18280058446
18280061918
18280064935
18280076527
18280078540
18280116561
18280139193
18280148882
18280150131
18280183861
18280188380
18280217197
18280249487
18280253635
18280261707
18280312850
18280330717
18280350751
18280371431
18280380675
18280408220
18280430754
18280448133
18280450396
18280466607
18280495499
18280535588
18280932887
18280932906
18280933316
18281057109
18281183213
18281203810
18281597546
18281603286
18281603298
18281605897
18281613682
18281613784
18281613786
18281619725
18281619725
18282048890
18282487797
18283052811
18283369457
18283380152
18283904214
18283964554
18283992969
18284522419
18284532080
18284538565
18284570470
18285112371
18285112797
18285156608
18285159969
18285180194
18285195034
18286042979
18286055424
18286860552
18287717388
18288230300
18288967798
18290283872
18290879432
18290883382
18292068717
18292304400
18292963171
18299999907
18300852426
18301215877
18302805247
18302819433
18302832116
18303414165
18303414165
18306840251
18306844900
18308458690
18309252574
18309295066
18313732059
18313949976
18314452826
18314499780
18315184097
18318741717
18321080475
18321258728
18323091816
18323098106
18325255752
18328008266
18328008617
18328034279
18328035827
18328046728
18328066571
18328069209
18328071001
18328074977
18328318090
18328353903
18328355424
18328410053
18328414120
18328420285
18328421693
18328429097
18328447556
18328451134
18328466520
18328493216
18328508226
18328519624
18328532066
18328597399
18328620499
18328654667
18328679430
18328700995
18328708766
18328714940
18328747127
18328786848
18329588624
18329903801
18334713036
18334717587
18334799855
18335187420
18335187422
18349123132
18349186766
18349193597
18349202506
18349239633
18349253711
18349270334
18349805863
18349820599
18357035299
18359931198
18375764959
18376627947
18376727630
18377111437
18377947327
18378828155
18380108805
18380137205
18380183976
18380206033
18380210280
18380214847
18380253618
18380259301
18380266915
18380268387
18380282427
18380291126
18380315672
18380345863
18380347367
18380369857
18380395914
18380405078
18380426415
18380439908
18380440373
18380442065
18380446433
18380446452
18380446452
18380446475
18380446492
18380446840
18380447624
18380447641
18380447651
18380447691
18380447851
18380447996
18380448416
18380448520
18380449129
18380449970
18380460561
18380461860
18380463759
18380465600
18380467558
18380471023
18380487901
18380488098
18380535765
18380585377
18380585854
18380593721
18380802585
18380839325
18381000141
18381098717
18381191725
18381195484
18381307143
18381307593
18381333552
18381333665
18381333744
18381336637
18381336637
18381339269
18381660297
18381662784
18381663124
18381663143
18381665248
18381671792
18381684885
18381687708
18381839927
18381991314
18382001689
18382019353
18382030709
18382062237
18382091200
18382105766
18382118896
18382120887
18382167875
18382232128
18382232128
18382308798
18382332356
18382352010
18382382740
18382392917
18382407025
18382407050
18382407136
18382411899
18382416062
18382436336
18382532367
18383001637
18383114622
18383119398
18383137059
18383379512
18383415210
18384105184
18384125300
18384145591
18384173756
18384184868
18384236666
18384250661
18384255110
18384862290
18385574130
18387414847
18388034034
18388143959
18388590580
18390825845
18392173163
18392197391
18392392139
18392393671
18392508617
18392866037
18392980916
18392992377
18394484107
18398465480
18398850851
18402835621
18402840373
18402879785
18402895012
18402915451
18408219124
18408222739
18408227255
18408229269
18408233733
18408233790
18408244169
18408244211
18408245172
18408248817
18408250438
18408250954
18408251193
18408265570
18408265570
18408273304
18408274881
18408295921
18423040469
18423307145
18423563377
18428056560
18428304026
18428309912
18428320280
18428323017
18428323017
18428325496
18428325496
18428361091
18435985045
18469143592
18482069570
18482071791
18482101789
18482103767
18482105479
18482107797
18482113411
18482142482
18482152161
18482165829
18482175051
18482183638
18482202055
18482242351
18482329579
18483612827
18483619358
18483620275
18483657201
18483667374
18483668024
18487144673
18487190018
18487269606
18487323130
18501287177
18502077894
18502310816
18502383862
18502389908
18502805272
18502807292
18502817843
18502820995
18502829665
18502835187
18502835548
18502855313
18502861361
18502886457
18504313635
18505076225
18505695610
18507100590
18508168915
18508168915
18508198590
18508204324
18508211203
18508216558
18508216859
18508245328
18508296646
18509912596
18510938018
18511505908
18511838859
18512828189
18512829345
18512838007
18513066054
18513189471
18513780518
18518732308
18521032157
18521737863
18523008280
18523023337
18523054232
18523173123
18523186523
18523202820
18523301541
18523491611
18523550639
18523873557
18523874075
18523972438
18530851261
18531162789
18534605313
18536661707
18543002552
18551051753
18561853207
18565296941
18565340423
18571656950
18571840339
18575518796
18577300272
18577402640
18577510369
18577868156
18577901489
18580151073
18580177699
18580449960
18580550464
18580593721
18580676414
18580849757
18580930546
18581024990
18581225228
18581305002
18581501302
18581849105
18581873936
18581878124
18581878151
18581883242
18581931793
18582352008
18582457180
18582626001
18582857021
18583223250
18583265779
18583363317
18583386997
18583652625
18583660076
18583672935
18583689195
18583707879
18583730825
18583730903
18583781128
18583878759
18583922752
18583951997
18583980805
18583991135
18584097556
18584098817
18584188103
18584580186
18585092200
18585098912
18585177597
18585439573
18587546659
18588225507
18589921544
18591929879
18591947393
18599014520
18599061254
18599088558
18599120012
18599418825
18600118543
18600257054
18601021219
18601090002
18601210713
18602312132
18602320276
18602392002
18602394472
18602801222
18602802037
18602808336
18602808514
18602812106
18602831049
18602835685
18602839939
18602844023
18602850456
18602852320
18602853300
18602854466
18602863456
18602866420
18602876913
18602877411
18602877875
18602880007
18602883505
18602887681
18602888362
18602889618
18602895867
18602895955
18602922668
18603462855
18604313072
18604366384
18607117173
18607858386
18607887035
18607887035
18628198983
18608001619
18608003572
18608007698
18608009472
18608009992
18608010162
18608018646
18608020306
18608023345
18608028888
18608029077
18608031698
18608032999
18608036156
18608038365
18608038758
18608049238
18608049971
18608115506
18608133311
18608166471
18608185222
18608221690
18608330982
18608396864
18608463764
18608585429
18608770703
18609002629
18609991341
18609999307
18610369213
18610611740
18611283596
18612701413
18613201074
18613237122
18615701595
18615711033
18615716688
18615719006
18615743789
18615751043
18615752025
18615757528
18615758810
18615767066
18615768865
18615770988
18615771798
18615776934
18615777657
18615792999
18615793399
18616786188
18617161993
18617332301
18620097200
18620258202
18620800148
18620924429
18621039828
18621067020
18621955795
18622459773
18622880738
18623008792
18623078150
18623090239
18623147109
18623148029
18623386788
18623418683
18623451985
18623531717
18623687217
18623696523
18623750163
18626288999
18626661675
18627031166
18627745080
18627960361
18627967789
18628000755
18628004166
18628005133
18628017001
18628025570
18628026402
18628032399
18628032666
18628033118
18628033898
18628035398
18628037771
18628056886
18628059099
18628064888
18628067577
18628067588
18628070122
18628075337
18628080600
18628081297
18628087069
18628090133
18628092186
18628095505
18628095627
18628096187
18628100688
18628101369
18628103099
18628103660
18628108233
18628109625
18628119299
18628119937
18628138770
18628139277
18628143552
18628146856
18628147072
18628151050
18628153960
18628158000
18628158526
18628161011
18628162095
18628166701
18628177779
18628179317
18628182929
18628187839
18628193238
18628195369
18628197695
18628198983
18628199105
18628209686
18628228862
18628228900
18628249606
18628261190
18628271825
18628272277
18628273676
18628279084
18628285942
18628297707
18628328972
18628330707
18628340418
18628341697
18628352384
18628363773
18628367158
18628386453
18628596111
18628900888
18628935576
18628951562
18628955423
18628972868
18628975758
18629013993
18629047587
18629068172
18629198481
18629247129
18629253965
18629350793
18629371023
18629376332
18629390372
18629512031
18629527792
18629584048
18629651361
18629716664
18634334565
18634392367
18635488813
18635589837
18635798617
18635943954
18636183639
18636192964
18636612030
18636803080
18636859510
18636972501
18643191777
18643192621
18645439420
18646133992
18649075123
18653298919
18664198014
18666006455
18666100903
18666623310
18668203650
18669082012
18669160717
18671124810
18671459809
18671503807
18672327131
18672382727
18672516351
18672998995
18676635082
18676928888
18677384620
18677755891
18677949298
18679077156
18680141904
18680225362
18680813856
18681203730
18681228728
18681252199
18681258183
18681258255
18681278031
18681279191
18681399116
18681611660
18681611861
18681617780
18681661614
18681680583
18681776327
18682022558
18682121484
18682128399
18682251215
18682541821
18682551128
18682561823
18682568696
18682568990
18682622887
18682656345
18682657233
18682690955
18682691933
18682693666
18682697171
18682698780
18682739320
18682834339
18683080787
18683259253
18683292335
18683293583
18683293736
18683299160
18683307777
18683351231
18683352513
18683371663
18683372517
18683421210
18683516605
18683520500
18683522978
18683523067
18683628667
18683696785
18683721056
18683792839
18683932285
18683933897
18683958384
18683971169
18683996692
18684002752
18684115426
18685033731
18685107729
18685114466
18685119745
18685156987
18685183473
18685193080
18685193116
18685193133
18685414545
18686040716
18686460918
18686513319
18687033300
18687060800
18687114721
18687185970
18687199123
18687902112
18687918790
18688048584
18688089984
18688350162
18688820410
18689866886
18690046463
18690144155
18690149859
18690314165
18690962913
18691885513
18693160375
18694111216
18696150868
18696318739
18696616750
18699062127
18699100287
18699171082
18699176855
18699178090
18699192834
18699195380
18699478002
18699943558
18700470210
18700488779
18700911603
18700919492
18701667046
18702711014
18702825269
18702833698
18702840451
18702855719
18702857025
18702875982
18702887063
18702888647
18703031157
18706791873
18706810608
18706823795
18706865121
18706885716
18708149706
18708160632
18708175820
18708211111
18710325087
18710382864
18710543793
18710645961
18710834019
18716331927
18716380197
18717290940
18717652501
18718584627
18723033417
18723094085
18723411404
18723430425
18723575669
18725648669
18725751961
17010058913
18725774876
18728091568
18728409870
18728440906
18728480226
18728489613
18728601111
18728831682
18728874855
18729036310
18729257356
18729593901
18734852630
18734853376
18734867612
18734891565
18734902829
18735120287
18735130971
18735371725
18740480321
18743333197
18743895199
18744226878
18745787109
18758865985
18772379495
18776769793
18776942434
18778817198
18780002370
18780025030
18780052179
18780067563
18780077008
18780078886
18780084193
18780102865
18780103600
18780103623
18780105360
18780106315
18780106589
18780112873
18780130381
18780161463
18780161587
18780175583
18780182167
18780192214
18780196681
18780201243
18780209162
18780209524
18780209826
18780212549
18780223358
18780237973
18780264659
18780267048
18780378051
18780471595
18780492772
18780518372
18780582061
18780588722
18780589229
18780863009
18781107147
18781169430
18781178915
18781248264
18781304326
18781554931
18781737029
18781928055
18781929301
18781937995
18781938615
18781959469
18781974525
18781988338
18781995318
18782006133
18782008652
18782022884
18782025482
18782052986
18782109366
18782137183
18782141495
18782145316
18782176776
18782210373
18782212149
18782223520
18782238380
18782255708
18782256293
18782263560
18782270965
18782272575
18782279704
18782294822
18782432672
18782445056
18782455171
18782458182
18782468181
18782520868
18782540027
18782612888
18782899668
18782917791
18782923491
18782925077
18782927053
18782934623
18782935044
18782936344
18782936964
18782936994
18782942190
18782942848
18782943554
18782943914
18782948768
18782951354
18782951758
18782959699
18782963556
18782966729
18782981060
18782983947
18782985372
18782985373
18783843539
18783981375
18784843728
18784991170
18784992773
18785046907
18785083122
18785123546
18785135219
18785777877
18786073964
18786124607
18786133463
18786372010
18786620498
18786653671
18786688784
18787037783
18787468732
18787488329
18788137626
18788554182
18792584533
18792647448
18792650967
18798014756
18798015752
18798041664
18798049030
18798738530
18798793397
18798800680
18798815028
18801000920
18802052933
18802715179
18808148811
18809216586
18810036414
18810116556
18810737066
18810955066
18811087079
18811574076
18813293626
18813752502
18818554395
18818686455
18821769509
18825190645
18826064070
18826255401
18826488577
18826926502
18828054334
18828092093
18828092930
18829217006
18833595029
18835175899
18841671049
18842635104
18843165591
18844125217
18844539527
18855098183
18858276333
18866544199
18866544199
18867337982
18874893739
18877414714
18878570992
18878783114
18880478162
18882881997
18883168316
18883187760
18883246780
18883261205
18883362540
18883670274
18883859118
18885630006
18903435164
18908005268
18908005675
18908008789
18908010390
18908062279
18908063281
18908064837
18908066676
18908070804
18908081133
18908099435
18908106920
18908162343
18908170621
18908177266
18908177270
18908179209
18908191062
18908197506
18908198415
18908201002
18908202078
18908202584
18908202584
18908216812
18908216921
18908224233
18908232608
18908235658
18908236386
18908237589
18908295168
18908320431
18908558869
18908719747
18908894581
18911801687
18912880080
18919562391
18919591193
18921395967
18925028986
18934724607
18938898513
18945664318
18946690022
18946789639
18971437862
18971689630
18973868382
18977113610
18977113686
18977343117
18978046085
18978105571
18980000912
18980003544
18980006199
18980010395
18980011694
18980017907
18980020011
18980032076
18980049838
18980055596
18980065951
18980071267
18980071593
18980075758
18980077669
18980081178
18980085533
18980087055
18980088877
18980096631
18980116216
18980427390
18980448688
18980458515
18980472669
18980487086
18980525409
18980548487
18980548487
18980552158
18980572331
18980629066
18980632337
18980653024
18980657883
18980662217
18980662334
18980666915
18980671385
18980692152
18980693020
18980693857
18980704855
18980707868
18980717999
18980721093
18980728272
18980734697
18980751338
18980751958
18980758803
18980765993
18980777393
18980804816
13880684558
18980806080
18980806184
18980814656
18980818138
18980826399
18980831717
18980832079
18980847295
18980857520
18980873354
18980877557
18980882318
18980884917
18980885516
18980888611
18980892398
18980895322
18980900977
18980928384
18980951970
18980953891
18980959560
18980966962
18980980779
18980991366
18980998582
18981035855
18981163512
18981171486
18981171920
18981652001
18981667018
18981681368
18981704443
18981705228
18981705228
18981713386
18981719983
18981720304
18981757717
18981769072
18981769072
18981769808
18981781096
18981782468
18981790520
18981819311
18981821953
18981839883
18981869021
18981883719
18981889517
18981903020
18981911773
18981919792
18981933717
18981933717
18981940723
18981966326
18981966657
18981970040
18981970950
18981970989
18981978616
18981989185
18981999527
18982025227
18982032241
18982052789
18982052971
18982053977
18982058990
18982060722
18982067786
18982074450
18982080413
18982083328
18982086531
18982102621
18982109138
18982134680
18982138360
18982154408
18982156628
18982185991
18982196335
18982210827
18982254120
18982284122
18982709198
18982796011
18982861984
18982863808
18982912166
18982999874
18983103130
18983161644
18983456966
18984340892
18984390280
18984399831
18984621662
18984898929
18985551346
18985575195
18986066459
18987169680
18987182488
18987298011
18987426484
18988857125
18989172888
18989243429
18990015965
18990025864
18990025864
16318990044
18990055788
18990078834
18990316568
18990500305
18990503610
18990559910
18990563007
18990566655
18990792828
18990873973
18990965488
18991170629
18991805166
18991870138
18992079744
18992609817
18997931134
18999839531
19923359201
19923359214
19983108651